N-Body-2D
0.2
100
1 0 0 0.1 0.1
1 1 0 0.1 0.1
1 2 0 0.1 0.1
1 3 0 0.1 0.1
1 4 0 0.1 0.1
1 5 0 0.1 0.1
1 6 0 0.1 0.1
1 7 0 0.1 0.1
1 8 0 0.1 0.1
1 9 0 0.1 0.1
1 0 1 0.1 0.1
1 1 1 0.1 0.1
1 2 1 0.1 0.1
1 3 1 0.1 0.1
1 4 1 0.1 0.1
1 5 1 0.1 0.1
1 6 1 0.1 0.1
1 7 1 0.1 0.1
1 8 1 0.1 0.1
1 9 1 0.1 0.1
1 0 2 0.1 0.1
1 1 2 0.1 0.1
1 2 2 0.1 0.1
1 3 2 0.1 0.1
1 4 2 0.1 0.1
1 5 2 0.1 0.1
1 6 2 0.1 0.1
1 7 2 0.1 0.1
1 8 2 0.1 0.1
1 9 2 0.1 0.1
1 0 3 0.1 0.1
1 1 3 0.1 0.1
1 2 3 0.1 0.1
1 3 3 0.1 0.1
1 4 3 0.1 0.1
1 5 3 0.1 0.1
1 6 3 0.1 0.1
1 7 3 0.1 0.1
1 8 3 0.1 0.1
1 9 3 0.1 0.1
1 0 4 0.1 0.1
1 1 4 0.1 0.1
1 2 4 0.1 0.1
1 3 4 0.1 0.1
1 4 4 0.1 0.1
1 5 4 0.1 0.1
1 6 4 0.1 0.1
1 7 4 0.1 0.1
1 8 4 0.1 0.1
1 9 4 0.1 0.1
1 20 0 -0.1 -0.1
1 21 0 -0.1 -0.1
1 22 0 -0.1 -0.1
1 23 0 -0.1 -0.1
1 24 0 -0.1 -0.1
1 25 0 -0.1 -0.1
1 26 0 -0.1 -0.1
1 27 0 -0.1 -0.1
1 28 0 -0.1 -0.1
1 29 0 -0.1 -0.1
1 20 1 -0.1 -0.1
1 21 1 -0.1 -0.1
1 22 1 -0.1 -0.1
1 23 1 -0.1 -0.1
1 24 1 -0.1 -0.1
1 25 1 -0.1 -0.1
1 26 1 -0.1 -0.1
1 27 1 -0.1 -0.1
1 28 1 -0.1 -0.1
1 29 1 -0.1 -0.1
1 20 2 -0.1 -0.1
1 21 2 -0.1 -0.1
1 22 2 -0.1 -0.1
1 23 2 -0.1 -0.1
1 24 2 -0.1 -0.1
1 25 2 -0.1 -0.1
1 26 2 -0.1 -0.1
1 27 2 -0.1 -0.1
1 28 2 -0.1 -0.1
1 29 2 -0.1 -0.1
1 20 3 -0.1 -0.1
1 21 3 -0.1 -0.1
1 22 3 -0.1 -0.1
1 23 3 -0.1 -0.1
1 24 3 -0.1 -0.1
1 25 3 -0.1 -0.1
1 26 3 -0.1 -0.1
1 27 3 -0.1 -0.1
1 28 3 -0.1 -0.1
1 29 3 -0.1 -0.1
1 20 4 -0.1 -0.1
1 21 4 -0.1 -0.1
1 22 4 -0.1 -0.1
1 23 4 -0.1 -0.1
1 24 4 -0.1 -0.1
1 25 4 -0.1 -0.1
1 26 4 -0.1 -0.1
1 27 4 -0.1 -0.1
1 28 4 -0.1 -0.1
1 29 4 -0.1 -0.1
